 UO2 Density=10.96
 Energy(eV), Delta, Beta
  30.  0.259370506  0.425755799
  30.5225792  0.259604484  0.412956655
  31.054266  0.259355396  0.400454074
  31.5952091  0.25869143  0.388329566
  32.1455765  0.257704407  0.376573533
  32.7055321  0.256459534  0.365172923
  33.2752457  0.25500825  0.354118824
  33.8548775  0.253406495  0.343398809
  34.4446106  0.251712412  0.333003551
  35.0446129  0.24999322  0.322920531
  35.6550674  0.248383284  0.313143253
  36.2761536  0.247047842  0.303347051
  36.908062  0.24559848  0.293005466
  37.5509758  0.243459314  0.282843381
  38.2050934  0.241036445  0.273038626
  38.8706017  0.238461718  0.263579309
  39.5477028  0.235827282  0.254451722
  40.2365952  0.233230367  0.245645031
  40.9374924  0.230941087  0.237148002
  41.6506004  0.229115948  0.227985471
  42.3761292  0.226429015  0.218521923
  43.1142921  0.223155394  0.209414154
  43.8653145  0.219636485  0.200686842
  44.6294212  0.215960607  0.192323446
  45.4068375  0.212195277  0.184309289
  46.1977959  0.208405927  0.176629633
  47.0025291  0.204697609  0.169270724
  47.8212852  0.201114997  0.162005901
  48.6543007  0.197511226  0.154717103
  49.5018311  0.193695292  0.147468641
  50.3641205  0.189625129  0.140453994
  51.2414322  0.185419306  0.133772776
  52.1340256  0.181166992  0.127409697
  53.0421677  0.176923692  0.121349499
  53.9661293  0.172763228  0.115577646
  54.9061813  0.168837905  0.10999348
  55.8626137  0.164947897  0.104100294
  56.8357048  0.160673767  0.0983817577
  57.8257484  0.156233191  0.0929829106
  58.8330345  0.151741207  0.0878850222
  59.8578682  0.147238672  0.0830714554
  60.9005585  0.142755419  0.0785258114
  61.9614029  0.138316438  0.0742331445
  63.0407295  0.133944452  0.0701790601
  64.1388626  0.129686549  0.0663501769
  65.2561188  0.125684097  0.062627703
  66.3928375  0.121576965  0.0588003993
  67.5493622  0.117330655  0.0551911369
  68.7260284  0.113077223  0.0518145375
  69.9231949  0.108860299  0.0486559607
  71.1412125  0.104730286  0.0457053967
  72.3804474  0.100716591  0.042865999
  73.6412659  0.0967059433  0.0400541872
  74.9240494  0.0926564485  0.0374171957
  76.2291794  0.0886493474  0.0349695906
  77.557045  0.0847816393  0.0326966643
  78.9080353  0.0812297985  0.0302311536
  80.2825623  0.077324301  0.02753032
  81.6810379  0.0730404779  0.0250580162
  83.1038666  0.0685689971  0.0227547996
  84.5514908  0.0638607219  0.0207185093
  86.0243225  0.0589364097  0.0190265924
  87.5228119  0.054027088  0.0177291464
  89.0474014  0.0490040183  0.0165776834
  90.5985489  0.0437270664  0.0156502984
  92.1767197  0.0380647704  0.0149001582
  93.7823792  0.0314817242  0.0143830525
  95.416008  0.0224803109  0.0152346781
  97.0780945  0.0121848807  0.0204018429
  98.7691345  0.00575013272  0.0348901004
  100.489624  0.0217934232  0.04765331
  102.240089  0.0297702774  0.0388017297
  104.021049  0.0260021798  0.029341504
  105.833031  0.0189626366  0.0265612397
  107.676582  0.0105524827  0.0248459
  109.552238 -0.000482437725  0.0238978472
  111.460571 -0.029661946  0.0348414183
  113.402138 -0.0553719103  0.121534042
  115.377533 -0.00551032927  0.125929743
  117.387337  0.035203997  0.117025286
  119.432152  0.0558401905  0.0984915271
  121.512581  0.0631571263  0.0828254074
  123.62925  0.0670315847  0.0710249618
  125.782799  0.0686209723  0.060270153
  127.973854  0.0681303144  0.0510039963
  130.203079  0.066277422  0.0432098806
  132.47113  0.0633584261  0.0366817676
  134.778702  0.0591748022  0.0321439058
  137.12645  0.0562848933  0.0294813681
  139.515106  0.0539931916  0.0270428881
  141.945374  0.0519634001  0.0248095803
  144.417969  0.0500836559  0.022763975
  146.93364  0.0483078808  0.0208898615
  149.493134  0.0466179848  0.0191729572
  152.097198  0.0450275615  0.0175789315
  154.746643  0.0434680656  0.0160515234
  157.44223  0.0419079624  0.0146349221
  160.184769  0.0403701402  0.0133464988
  162.975098  0.0388681814  0.0121746659
  165.814026  0.0374093279  0.0111089563
  168.702393  0.0360027961  0.0101390202
  171.641083  0.0346680805  0.00924283452
  174.630966  0.0333616659  0.00836211909
  177.672913  0.0320521593  0.00755323935
  180.767868  0.0307690874  0.00682442542
  183.916733  0.029518133  0.00616079569
  187.120438  0.028294256  0.00555821136
  190.379959  0.0270995814  0.00501633808
  193.696259  0.0259168968  0.00452901423
  197.070328  0.0247706436  0.00415151985
  200.503159  0.0237090755  0.0038385184
  203.995804  0.0227170493  0.00355199841
  207.549271  0.0217780489  0.00328702363
  211.164673  0.0208843164  0.00304187858
  214.843018  0.0200309642  0.00281518442
  218.585449  0.0192143079  0.00260545127
  222.393066  0.0184313469  0.00241145073
  226.266998  0.0176795498  0.00223314366
  230.208435  0.0169581696  0.00207016035
  234.218521  0.0162655637  0.00191948097
  238.298462  0.015596645  0.00178021193
  242.449463  0.0149510643  0.00166022638
  246.672791  0.0143361883  0.00155604817
  250.969681  0.0137511576  0.00145959319
  255.3414  0.0131906457  0.00136913755
  259.789307  0.0126498938  0.00128436566
  264.314667  0.0121264756  0.0012122154
  268.918854  0.0116305221  0.00115107349
  273.603241  0.0111573813  0.00109302218
  278.369232  0.0107035581  0.00103783642
  283.218231  0.0102652926  0.000985376653
  288.151733  0.00984115247  0.000940380851
  293.171143  0.00943657476  0.000904359273
  298.278015  0.00905142725  0.000870644697
  303.473816  0.0086825639  0.00083832728
  308.760132  0.00832817145  0.0008073434
  314.13855  0.00798644405  0.000777632114
  319.610657  0.00765496679  0.000751024054
  325.17807  0.0073377532  0.000729508931
  330.842468  0.00703380443  0.00070907356
  336.60553  0.00674120383  0.000689404376
  342.468964  0.0064587188  0.000670464069
  348.43457  0.00618490018  0.000652214745
  354.504089  0.00591746066  0.000636537443
  360.679321  0.00565809803  0.000626995345
  366.962128  0.00541107217  0.000620781269
  373.35437  0.00517422426  0.000614949444
  379.857971  0.00494536106  0.000609476934
  386.474854  0.00472270837  0.000604329281
  393.20697  0.00450364221  0.000603154593
  400.056396  0.00429329509  0.000607581576
  407.025146  0.00409236411  0.000613200944
  414.115234  0.00389720662  0.000619291852
  421.328888  0.00370216882  0.000627666421
  428.668152  0.00351504306  0.00064900954
  436.135284  0.00334041426  0.000674120558
  443.732513  0.00317558297  0.000700841425
  451.462036  0.00301945675  0.000729106017
  459.326233  0.00287138578  0.000758682319
  467.327393  0.00273102894  0.000789754151
  475.467926  0.00259907683  0.00082147104
  483.750275  0.00247360067  0.000852606434
  492.17691  0.00235320651  0.000884619774
  500.750305  0.002240245  0.000918232254
  509.473053  0.002131555  0.000944306492
  518.347778  0.00201597484  0.000967131986
  527.377075  0.00188221852  0.000990711618
  536.563599  0.00158711767  0.00101473741
  545.910217  0.00134129275  0.00150655757
  555.419678  0.00173435244  0.00149878778
  565.094727  0.00179778074  0.00148954894
  574.938293  0.0018280152  0.00147254008
  584.953369  0.00184794469  0.0014516029
  595.142822  0.0018587294  0.00141117338
  605.509888  0.00185227266  0.00136060151
  616.057495  0.00183849374  0.00130993931
  626.788818  0.00181064964  0.00125040673
  637.707092  0.00176281389  0.00119768933
  648.815491  0.00170971791  0.00115594268
  660.117493  0.00165389723  0.00112213974
  671.616333  0.00159851904  0.00109437993
  683.31543  0.00154002383  0.00107099966
  695.218323  0.00148244225  0.00105936418
  707.328613  0.00143366877  0.00105495064
  719.64978  0.0013909858  0.00105171464
  732.185669  0.00135323766  0.0010499598
  744.93988  0.00132073218  0.00104890647
  757.91626  0.0012925152  0.00104716746
  771.118713  0.00126767333  0.00104544556
  784.551086  0.00124720496  0.00104422355
  798.217468  0.00123218494  0.00104112178
  812.121887  0.00122001697  0.00103565317
  826.268555  0.00121204159  0.00103061239
  840.661621  0.00121281459  0.00102269906
  855.30542  0.00121294323  0.0010004841
  870.204285  0.00121036591  0.000977823394
  885.362732  0.00120930572  0.000953134266
  900.785156  0.00120669638  0.000922002189
  916.476318  0.00119943288  0.000888505485
  932.440674  0.001189303  0.000854332582
  948.683228  0.00117594609  0.000819857873
  965.208679  0.00115854805  0.000789064565
  982.021973  0.00114393677  0.000764407974
  999.128296  0.00113833207  0.000741447555
  1016.53247  0.00116553006  0.00071579928
  1034.23975  0.00112069689  0.000620269217
  1052.25549  0.00107192411  0.000594382989
  1070.58521  0.00104466814  0.000570962438
  1089.23413  0.00101885851  0.000545658928
  1108.20789  0.000993195339  0.000521335925
  1127.51208  0.000968053937  0.000498110428
  1147.15271  0.000943400548  0.000475933542
  1167.13525  0.000919219048  0.000454755937
  1187.46606  0.000895505422  0.000434529386
  1208.151  0.000872268109  0.000415213348
  1229.19629  0.00084952754  0.000396764342
  1250.60803  0.00082731375  0.000379141682
  1272.39282  0.000805675634  0.00036230401
  1294.55713  0.000784762553  0.000346215122
  1317.10754  0.00076488062  0.000330571289
  1340.05066  0.000745182799  0.000314296019
  1363.39343  0.000725221063  0.000298582192
  1387.14294  0.000705239014  0.000283657602
  1411.30615  0.000685483741  0.000269482814
  1435.89014  0.000666026957  0.000256018655
  1460.90234  0.000646915694  0.0002432295
  1486.35034  0.000628181733  0.000231078317
  1512.2417  0.000609847251  0.000219530601
  1538.58398  0.000591927557  0.000208559446
  1565.38513  0.000574442733  0.000198139373
  1592.6532  0.000557417457  0.000188241102
  1620.39624  0.000540911453  0.000178839735
  1648.62244  0.000525053183  0.000169807157
  1677.34033  0.00050954218  0.000160693133
  1706.55859  0.000494125125  0.000151915228
  1736.28577  0.00047888991  0.000143615776
  1766.53088  0.000463954755  0.000135768263
  1797.30261  0.00044934469  0.000128349449
  1828.6106  0.000435075461  0.000121336103
  1860.46387  0.000421156175  0.00011470649
  1892.87195  0.000407590967  0.000108439795
  1925.84448  0.000394380884  0.000102515965
  1959.39148  0.000381525228  9.69162866E-05
  1993.52283  0.000369020214  9.16227291E-05
  2028.24878  0.000356861739  8.6620712E-05
  2063.57959  0.000345048407  8.18890912E-05
  2099.52588  0.000333573174  7.74161454E-05
  2136.09814  0.000322431297  7.31874825E-05
  2173.30762  0.000311617361  6.91902897E-05
  2211.16528  0.000301127264  6.54114119E-05
  2249.68262  0.000290962169  6.18391205E-05
  2288.87061  0.000281120854  5.84333175E-05
  2328.74097  0.000271561032  5.51659978E-05
  2369.30615  0.000262247137  5.20667309E-05
  2410.57812  0.000253190228  4.9141272E-05
  2452.56885  0.000244392315  4.63805663E-05
  2495.29102  0.000235848551  4.37749368E-05
  2538.75757  0.000227550394  4.13155358E-05
  2582.98096  0.000219493726  3.89943125E-05
  2627.9751  0.000211670995  3.68036126E-05
  2673.75244  0.000204074386  3.47360983E-05
  2720.32764  0.000196695401  3.27847702E-05
  2767.71411  0.00018952509  3.09430616E-05
  2815.92578  0.000182553849  2.92046825E-05
  2864.97754  0.000175771478  2.75640996E-05
  2914.88354  0.000169166757  2.60156339E-05
  2965.65894  0.000162722135  2.45541578E-05
  3017.31885  0.00015642884  2.31853101E-05
  3069.87866  0.000150280932  2.18994119E-05
  3123.354  0.000144255115  2.06852383E-05
  3177.76074  0.000138338932  1.95348166E-05
  3233.11548  0.000132475019  1.83915545E-05
  3289.43433  0.000126525381  1.72442706E-05
  3346.73413  0.000120378638  1.61685966E-05
  3405.03198  0.000113815098  1.5160017E-05
  3464.3457  0.000106139458  1.42142653E-05
  3524.69238  8.51335717E-05  1.33274571E-05
  3586.09009  8.12376384E-05  3.09524548E-05
  3648.55762  9.44207568E-05  2.84553826E-05
  3712.11328  8.54567697E-05  2.64346108E-05
  3776.77588  8.88830182E-05  3.33661446E-05
  3842.56494  9.14043048E-05  3.17159502E-05
  3909.5  9.02802276E-05  3.01472974E-05
  3977.60107  8.85352347E-05  2.8784958E-05
  4046.88818  8.66007758E-05  2.75712737E-05
  4117.38232  8.45388204E-05  2.63564998E-05
  4189.10498  8.22977381E-05  2.50581888E-05
  4262.07617  7.73142601E-05  2.382399E-05
  4336.31885  7.58545139E-05  2.61145251E-05
  4411.85498  7.66154335E-05  2.4682824E-05
  4488.70654  7.52416963E-05  2.33295796E-05
  4566.89697  7.3588184E-05  2.20339189E-05
  4646.44971  7.1783943E-05  2.07788926E-05
  4727.3877  6.98439253E-05  1.96134042E-05
  4809.73584  6.78706783E-05  1.86036068E-05
  4893.51855  6.59482321E-05  1.76603062E-05
  4978.76025  6.4031723E-05  1.67648122E-05
  5065.48682  6.21057188E-05  1.59148112E-05
  5153.72461  5.97234175E-05  1.51079093E-05
  5243.49951  5.847785E-05  1.49875659E-05
  5334.83789  5.6999841E-05  1.41955288E-05
  5427.76709  5.54251856E-05  1.34453894E-05
  5522.31543  5.38461027E-05  1.27348821E-05
  5618.51074  5.22894079E-05  1.20619934E-05
  5716.38135  5.07634468E-05  1.14055592E-05
  5815.95752  4.92541003E-05  1.07668966E-05
  5917.26758  4.77600188E-05  1.01609958E-05
  6020.34277  4.62908029E-05  9.58923101E-06
  6125.21289  4.4850236E-05  9.04965418E-06
  6231.91016  4.34387257E-05  8.54047084E-06
  6340.46631  4.20487522E-05  8.06258504E-06
  6450.91309  4.06949875E-05  7.63159915E-06
  6563.28418  3.93917289E-05  7.23123321E-06
  6677.6123  3.81309947E-05  6.85188661E-06
  6793.93213  3.69097725E-05  6.49245658E-06
  6912.27832  3.57266545E-05  6.15187582E-06
  7032.68555  3.45807857E-05  5.8291771E-06
  7155.19043  3.34717806E-05  5.52339316E-06
  7279.82959  3.23994609E-05  5.23367498E-06
  7406.63965  3.1372474E-05  4.95916674E-06
  7535.6582  3.03860634E-05  4.67958535E-06
  7666.9248  2.94139318E-05  4.39092173E-06
  7800.47803  2.84536363E-05  4.11792007E-06
  7936.35693  2.75131533E-05  3.86191823E-06
  8074.60352  2.6593154E-05  3.62199694E-06
  8215.25781  2.56912808E-05  3.40286351E-06
  8358.3623  2.48203341E-05  3.21093012E-06
  8503.95996  2.39851597E-05  3.0298404E-06
  8652.09277  2.31802969E-05  2.85896158E-06
  8802.80762  2.24051855E-05  2.69181078E-06
  8956.14746  2.16476365E-05  2.52252448E-06
  9112.15723  2.08982055E-05  2.35960351E-06
  9270.88574  2.01527364E-05  2.21601044E-06
  9432.37793  1.93980413E-05  2.0965133E-06
  9596.68359  1.87318637E-05  2.12090254E-06
  9763.85156  1.82014792E-05  2.02109095E-06
  9933.93262  1.7605149E-05  1.90033563E-06
  10106.9746  1.70259791E-05  1.78619189E-06
  10283.0322  1.6460137E-05  1.67870974E-06
  10462.1562  1.59093815E-05  1.57750355E-06
  10644.4004  1.53742858E-05  1.48223091E-06
  10829.8184  1.48550116E-05  1.39256019E-06
  11018.4678  1.43514681E-05  1.30816773E-06
  11210.4023  1.38634468E-05  1.22875167E-06
  11405.6807  1.33906469E-05  1.15402838E-06
  11604.3604  1.29327409E-05  1.08373956E-06
  11806.501  1.24893577E-05  1.01763021E-06
  12012.1631  1.20601107E-05  9.55449082E-07
  12221.4062  1.16445826E-05  8.96983579E-07
  12434.2959  1.12423459E-05  8.41992915E-07
  12650.8936  1.08530467E-05  7.90303943E-07
  12871.2646  1.04762757E-05  7.41713848E-07
  13095.4736  1.01116102E-05  6.96044481E-07
  13323.5879  9.75863531E-06  6.53115308E-07
  13555.6768  9.41694816E-06  6.1277683E-07
  13791.8076  9.08612219E-06  5.74874434E-07
  14032.0527  8.76571903E-06  5.39262317E-07
  14276.4814  8.45531031E-06  5.05807805E-07
  14525.1689  8.15441945E-06  4.74378851E-07
  14778.1885  7.86255259E-06  4.44865293E-07
  15035.6152  7.57913858E-06  4.17141422E-07
  15297.5264  7.30347347E-06  3.91105829E-07
  15564.  7.03457863E-06  3.66655087E-07
  15835.1152  6.77135949E-06  3.43697707E-07
  16110.9521  6.51188202E-06  3.22146178E-07
  16391.5938  6.25244047E-06  3.01915179E-07
  16677.125  5.98332781E-06  2.82923764E-07
  16967.6309  5.64366337E-06  2.65098237E-07
  17263.1973  5.02340936E-06  5.99993029E-07
  17563.9102  5.38167433E-06  5.62921343E-07
  17869.8613  5.26384974E-06  5.28140902E-07
  18181.1445  5.12073029E-06  4.95511131E-07
  18497.8477  4.96940629E-06  4.64899784E-07
  18820.0684  4.81524876E-06  4.36178652E-07
  19147.9023  4.66046322E-06  4.09234815E-07
  19481.4453  4.50580501E-06  3.83956888E-07
  19820.8008  4.35141692E-06  3.6024332E-07
  20166.0664  4.19578691E-06  3.3799418E-07
  20517.3477  4.03242439E-06  3.17120453E-07
  20874.7461  3.68386986E-06  2.97536104E-07
  21238.3711  3.74872843E-06  3.96230064E-07
  21608.3301  3.59291244E-06  3.72679921E-07
  21984.7344  3.53748146E-06  3.98587673E-07
  22367.6934  3.46105935E-06  3.75796247E-07
  22757.3242  3.36371272E-06  3.54230565E-07
  23153.7422  3.26450504E-06  3.33836169E-07
  23557.0664  3.16563228E-06  3.14550817E-07
  23967.4141  3.0680128E-06  2.96324458E-07
  24384.9121  2.97209044E-06  2.79100476E-07
  24809.6816  2.87822058E-06  2.6283152E-07
  25241.8516  2.78656285E-06  2.47468989E-07
  25681.5469  2.69720522E-06  2.3296613E-07
  26128.9023  2.61019886E-06  2.19278704E-07
  26584.0527  2.52556674E-06  2.06364433E-07
  27047.1289  2.44330954E-06  1.94183187E-07
  27518.2754  2.36341134E-06  1.8269597E-07
  27997.625  2.28585282E-06  1.71865139E-07
  28485.3262  2.21060168E-06  1.6165616E-07
  28981.5215  2.13763883E-06  1.5203436E-07
  29486.3613  2.06723485E-06  1.42968517E-07
  29999.9961  1.99716396E-06  1.34428348E-07
