 UO2 Density=10.96, Angle=90.deg
 Photon Energy (eV), Atten Length (microns)
   30.0000  7.724638E-03
   30.5226  7.827703E-03
   31.0543  7.933887E-03
   31.5952  8.041523E-03
   32.1456  8.150589E-03
   32.7055  8.261146E-03
   33.2752  8.373167E-03
   33.8549  8.486723E-03
   34.4446  8.601810E-03
   35.0446  8.718525E-03
   35.6551  8.836813E-03
   36.2762  8.966004E-03
   36.9081  9.123533E-03
   37.5510  9.289511E-03
   38.2051  9.458333E-03
   38.8706  9.630025E-03
   39.5477  9.804678E-03
   40.2366  9.982306E-03
   40.9375  1.016294E-02
   41.6506  1.039038E-02
   42.3761  1.065476E-02
   43.1143  1.092780E-02
   43.8653  1.120779E-02
   44.6294  1.149493E-02
   45.4068  1.178939E-02
   46.1978  1.209136E-02
   47.0025  1.240101E-02
   47.8213  1.273526E-02
   48.6543  1.310691E-02
   49.5018  1.351572E-02
   50.3641  1.394777E-02
   51.2414  1.439365E-02
   52.1340  1.485376E-02
   53.0422  1.532854E-02
   53.9661  1.581848E-02
   54.9062  1.633698E-02
   55.8626  1.696629E-02
   56.8357  1.764510E-02
   57.8257  1.834998E-02
   58.8330  1.908200E-02
   59.8579  1.984207E-02
   60.9006  2.063129E-02
   61.9614  2.145067E-02
   63.0407  2.230136E-02
   64.1389  2.318444E-02
   65.2561  2.414194E-02
   66.3928  2.527310E-02
   67.5494  2.646485E-02
   68.7260  2.770685E-02
   69.9232  2.900032E-02
   71.1412  3.034389E-02
   72.3804  3.179990E-02
   73.6413  3.344960E-02
   74.9240  3.519391E-02
   76.2292  3.701248E-02
   77.5570  3.890768E-02
   78.9080  4.136033E-02
   80.2826  4.464035E-02
   81.6810  4.820500E-02
   83.1039  5.217540E-02
   84.5515  5.632228E-02
   86.0243  6.028062E-02
   87.5228  6.358445E-02
   89.0474  6.683668E-02
   90.5985  6.958508E-02
   92.1767  7.183694E-02
   93.7824  7.314551E-02
   95.4160  6.787398E-02
   97.0781  4.981606E-02
   98.7691  2.863100E-02
   100.490  2.060373E-02
   102.240  2.487087E-02
   104.021  3.232633E-02
   105.833  3.509865E-02
   107.677  3.687941E-02
   109.552  3.768599E-02
   111.461  2.540638E-02
   113.402  7.158810E-03
   115.378  6.790636E-03
   117.387  7.182226E-03
   119.432  8.387641E-03
   121.513  9.803366E-03
   123.629  1.123642E-02
   125.783  1.301477E-02
   127.974  1.511592E-02
   130.203  1.753701E-02
   132.471  2.030432E-02
   134.779  2.277401E-02
   137.126  2.440569E-02
   139.515  2.615084E-02
   141.945  2.801685E-02
   144.418  3.001171E-02
   146.934  3.214424E-02
   149.493  3.442307E-02
   152.097  3.690170E-02
   154.747  3.972121E-02
   157.442  4.282017E-02
   160.185  4.615005E-02
   162.975  4.972579E-02
   165.814  5.356299E-02
   168.702  5.768234E-02
   171.641  6.219187E-02
   174.631  6.756510E-02
   177.673  7.352001E-02
   180.768  7.997839E-02
   183.917  8.707670E-02
   187.120  9.486450E-02
   190.380  0.103312
   193.696  0.112470
   197.070  0.120596
   200.503  0.128196
   203.996  0.136165
   207.549  0.144623
   211.165  0.153602
   214.843  0.163129
   218.585  0.173243
   222.393  0.183976
   226.267  0.195264
   230.208  0.207031
   234.219  0.219460
   238.298  0.232577
   242.449  0.245116
   246.673  0.257049
   250.970  0.269344
   255.341  0.282223
   259.789  0.295699
   264.315  0.307935
   268.919  0.318739
   273.603  0.329921
   278.369  0.341515
   283.218  0.353538
   288.152  0.364112
   293.171  0.372133
   298.278  0.379925
   303.474  0.387816
   308.760  0.395804
   314.139  0.403891
   319.611  0.411041
   325.178  0.415918
   330.842  0.420579
   336.606  0.425172
   342.469  0.429698
   348.435  0.434158
   354.504  0.437235
   360.679  0.436289
   366.962  0.433112
   373.354  0.429734
   379.858  0.426169
   386.475  0.422440
   393.207  0.416016
   400.056  0.405914
   407.025  0.395308
   414.115  0.384719
   421.329  0.373087
   428.668  0.354640
   436.135  0.335584
   443.732  0.317263
   451.462  0.299742
   459.326  0.283125
   467.327  0.267330
   475.468  0.252608
   483.750  0.239216
   492.177  0.226612
   500.750  0.214578
   509.473  0.205081
   518.348  0.196813
   527.377  0.188839
   536.564  0.181211
   545.910  0.119965
   555.420  0.118522
   565.095  0.117215
   574.938  0.116539
   584.953  0.116196
   595.143  0.117479
   605.510  0.119759
   616.057  0.122261
   626.789  0.125889
   637.707  0.129180
   648.815  0.131554
   660.117  0.133196
   671.616  0.134237
   683.315  0.134818
   695.218  0.133966
   707.329  0.132223
   719.650  0.130359
   732.186  0.128341
   744.940  0.126271
   757.916  0.124315
   771.119  0.122388
   784.551  0.120433
   798.217  0.118724
   812.122  0.117307
   826.269  0.115863
   840.662  0.114760
   855.305  0.115300
   870.204  0.115952
   885.363  0.116919
   900.785  0.118797
   916.476  0.121165
   932.441  0.123855
   948.683  0.126853
   965.209  0.129547
   982.022  0.131436
   999.128  0.133186
   1016.53  0.135596
   1034.24  0.153801
   1052.26  0.157751
   1070.59  0.161410
   1089.23  0.166004
   1108.21  0.170774
   1127.51  0.175676
   1147.15  0.180714
   1167.14  0.185892
   1187.47  0.191214
   1208.15  0.196683
   1229.20  0.202305
   1250.61  0.208083
   1272.39  0.214026
   1294.56  0.220137
   1317.11  0.226607
   1340.05  0.234261
   1363.39  0.242368
   1387.14  0.250752
   1411.31  0.259423
   1435.89  0.268391
   1460.90  0.277666
   1486.35  0.287263
   1512.24  0.297197
   1538.58  0.307474
   1565.39  0.318103
   1592.65  0.329097
   1620.40  0.340467
   1648.62  0.352438
   1677.34  0.366051
   1706.56  0.380573
   1736.29  0.395673
   1766.53  0.411377
   1797.30  0.427705
   1828.61  0.444681
   1860.46  0.462329
   1892.87  0.480673
   1925.84  0.499744
   1959.39  0.519567
   1993.52  0.540176
   2028.25  0.561587
   2063.58  0.583865
   2099.53  0.607026
   2136.10  0.631105
   2173.31  0.656136
   2211.17  0.682159
   2249.68  0.709211
   2288.87  0.737697
   2328.74  0.768011
   2369.31  0.799795
   2410.58  0.832899
   2452.57  0.867367
   2495.29  0.903261
   2538.76  0.940644
   2582.98  0.979575
   2627.97  1.02011
   2673.75  1.06233
   2720.33  1.10628
   2767.71  1.15206
   2815.93  1.19974
   2864.98  1.24938
   2914.88  1.30108
   2965.66  1.35492
   3017.32  1.41035
   3069.88  1.46760
   3123.35  1.52714
   3177.76  1.58939
   3233.12  1.65928
   3289.43  1.73938
   3346.73  1.82333
   3405.03  1.91135
   3464.35  2.00362
   3524.69  2.10035
   3586.09  0.888884
   3648.56  0.950330
   3712.11  1.00546
   3776.78  0.782948
   3842.56  0.809582
   3909.50  0.837125
   3977.60  0.861734
   4046.89  0.884264
   4117.38  0.909182
   4189.10  0.939916
   4262.08  0.971682
   4336.32  0.871278
   4411.85  0.906033
   4488.71  0.942176
   4566.90  0.980499
   4646.45  1.02192
   4727.39  1.06411
   4809.74  1.10266
   4893.52  1.14167
   4978.76  1.18206
   5065.49  1.22388
   5153.72  1.26717
   5243.50  1.25547
   5334.84  1.30283
   5427.77  1.35196
   5522.32  1.40296
   5618.51  1.45586
   5716.38  1.51329
   5815.96  1.57561
   5917.27  1.64098
   6020.34  1.70905
   6125.21  1.77995
   6231.91  1.85377
   6340.47  1.93003
   6450.91  2.00412
   6563.28  2.07887
   6677.61  2.15640
   6793.93  2.23681
   6912.28  2.32023
   7032.69  2.40675
   7155.19  2.49651
   7279.83  2.58960
   7406.64  2.68615
   7535.66  2.79790
   7666.92  2.93078
   7800.48  3.07157
   7936.36  3.21911
   8074.60  3.37357
   8215.26  3.52935
   8358.36  3.67627
   8503.96  3.82930
   8652.09  3.98869
   8802.81  4.16384
   8956.15  4.36720
   9112.16  4.58881
   9270.88  4.80250
   9432.38  4.98932
   9596.68  4.84750
   9763.85  4.99980
   9933.93  5.22647
   10107.0  5.46527
   10283.0  5.71562
   10462.2  5.97817
   10644.4  6.25350
   10829.8  6.54223
   11018.5  6.84503
   11210.4  7.16267
   11405.7  7.49587
   11604.4  7.84538
   11806.5  8.21200
   12012.2  8.59669
   12221.4  9.00025
   12434.3  9.42389
   12650.9  9.86835
   12871.3  10.3348
   13095.5  10.8243
   13323.6  11.3383
   13555.7  11.8778
   13791.8  12.4442
   14032.1  13.0388
   14276.5  13.6632
   14525.2  14.3190
   14778.2  15.0076
   15035.6  15.7310
   15297.5  16.4909
   15564.0  17.2894
   15835.1  18.1285
   16111.0  19.0102
   16391.6  19.9367
   16677.1  20.9107
   16967.6  21.9347
   17263.2  9.52560
   17563.9  9.97909
   17869.9  10.4542
   18181.1  10.9518
   18497.8  11.4731
   18820.1  12.0192
   19147.9  12.5912
   19481.4  13.1904
   19820.8  13.8179
   20166.1  14.4754
   20517.3  15.1640
   20874.7  15.8854
   21238.4  11.7244
   21608.3  12.2519
   21984.7  11.2594
   22367.7  11.7378
   22757.3  12.2392
   23153.7  12.7645
   23557.1  13.3152
   23967.4  13.8922
   24384.9  14.4970
   24809.7  15.1308
   25241.9  15.7949
   25681.5  16.4910
   26128.9  17.2204
   26584.1  17.9847
   27047.1  18.7857
   27518.3  19.6250
   27997.6  20.5046
   28485.3  21.4263
   28981.5  22.3922
   29486.4  23.4044
   30000.0  24.4652
